0 1.000000
1 -1.205248
2 -0.204187
3 0.483048
4 -1.134623
5 0.559943
6 1.000000
7 0.035859
8 1.000000
9 -0.010535
10 -0.067346
11 0.786929
12 -0.353090
13 0.303817
14 -0.423761
15 -0.137609
16 -0.293093
17 0.260152
18 0.401045
19 -1.462259
20 -0.857301
21 -0.634757
22 -0.125694
23 -0.006858
24 -0.358260
25 0.449482
26 -0.138371
27 -0.075818
28 -0.215556
29 -0.058603
30 -0.680611
31 0.314739
32 0.107275
33 -0.171675
34 -0.035482
35 -0.250139
36 0.039225
37 -0.296352
38 -1.060393
39 -0.639032
40 -0.016465
41 -0.520718
42 0.411856
43 -0.582732
44 0.378613
45 0.577750
46 -0.808061
47 -0.165258
48 -0.448332
49 -0.261917
50 -0.019052
51 -0.273217
52 0.348732
53 -0.171888
54 0.083001
